2,0
0,243
0,9
0,310
0,305
0,308
0,307
0,302
0,304
0,303
0,12
0,10
0,8
0,0
0,437
0,300
0,436
0,299
0,435
0,298
0,434
0,297
0,433
0,296
0,432
0,295
0,431
0,294
0,430
0,293
0,429
0,292
0,443
0,428
0,291
0,442
0,427
0,290
0,426
0,289
0,425
0,288
0,424
0,287
0,542
0,423
0,286
0,541
0,422
0,285
0,540
0,421
0,284
0,539
0,420
0,283
0,538
0,419
0,282
0,537
0,418
0,281
0,536
0,417
0,280
0,535
0,416
0,279
0,534
0,415
0,278
0,533
0,414
0,277
0,532
0,413
0,276
0,531
0,412
0,275
0,501
0,411
0,274
0,500
0,410
0,273
0,499
0,409
0,272
0,498
0,407
0,271
0,530
0,406
0,270
0,441
0,405
0,269
0,440
0,404
0,268
0,497
0,403
0,267
0,496
0,402
0,266
0,495
0,401
0,265
0,493
0,400
0,264
0,399
0,263
0,529
0,398
0,262
0,492
0,397
0,261
0,491
0,396
0,260
0,490
0,395
0,259
0,489
0,394
0,258
0,488
0,393
0,257
0,528
0,392
0,256
0,487
0,391
0,255
0,486
0,390
0,254
0,485
0,389
0,253
0,388
0,252
0,484
0,387
0,251
0,483
0,386
0,250
0,527
0,385
0,249
0,384
0,248
0,482
0,383
0,247
0,481
0,382
0,246
0,480
0,381
0,245
0,479
0,380
0,244
0,478
0,379
0,242
0,322
2,3
0,494
2,5
2,1
1,1
1,3
2,2
2,4
25,1
3,1
3,3
4,0
4,1
4,3
4,4
4,6
4,7
4,9
4,11
5,0
5,2
5,3
5,5
6,1
6,2
7,0
7,1
7,3
8,0
8,2
8,4
9,0
9,2
9,3
10,0
10,2
10,3
11,1
11,2
11,4
12,0
12,2
12,4
13,0
13,2
13,3
14,1
14,3
14,4
15,1
15,2
15,4
16,1
16,2
16,4
16,5
17,1
17,2
17,4
18,1
18,2
19,0
19,1
19,3
20,0
20,1
20,3
20,4
21,1
21,2
21,4
22,0
22,1
22,3
22,4
23,1
23,3
23,4
24,1
24,2
24,4
25,2
26,1
26,3
26,4
26,2
26,0
24,3
24,0
23,2
23,0
22,2
21,5
21,3
21,0
20,2
19,4
19,2
18,3
18,0
17,3
17,0
16,3
16,0
15,3
15,0
14,2
14,0
13,1
12,3
12,1
11,3
11,0
10,1
9,4
9,1
8,3
8,1
7,2
6,3
6,0
5,4
5,1
4,10
4,8
4,5
4,2
25,4
25,5
3,0
25,3
25,0
1,0
0,408
0,477
0,378
0,241
0,526
0,377
0,240
0,476
0,376
0,239
0,475
0,375
0,238
0,525
0,374
0,237
0,474
0,373
0,236
0,473
0,372
0,235
0,472
0,371
0,234
0,471
0,370
0,233
0,470
0,369
0,232
0,469
0,368
0,231
0,468
0,367
0,230
0,467
0,366
0,229
0,449
0,365
0,228
0,448
0,364
0,227
0,466
0,363
0,226
0,465
0,362
0,225
0,464
0,361
0,224
0,463
0,360
0,223
0,462
0,359
0,222
0,524
0,358
0,221
0,461
0,357
0,220
0,460
0,356
0,219
0,459
0,355
0,218
0,458
0,354
0,217
0,523
0,353
0,216
0,522
0,352
0,215
0,521
0,351
0,214
0,520
0,350
0,213
0,519
0,349
0,212
0,518
0,348
0,211
0,517
0,347
0,210
0,516
0,346
0,209
0,515
0,345
0,208
0,514
0,344
0,207
0,457
0,343
0,206
0,456
0,342
0,205
0,513
0,341
0,204
0,340
0,203
0,512
0,339
0,202
0,511
0,338
0,201
0,510
0,337
0,200
0,336
0,199
0,447
0,335
0,198
0,446
0,334
0,197
0,453
0,333
0,196
0,452
0,332
0,195
0,331
0,194
0,455
0,330
0,193
0,454
0,329
0,192
0,328
0,63
0,509
0,327
0,62
0,326
0,61
0,508
0,325
0,60
0,507
0,324
0,59
0,506
0,323
0,58
0,451
0,321
0,57
0,450
0,320
0,56
0,319
0,55
0,505
0,318
0,54
0,439
0,317
0,53
0,438
0,316
0,52
0,504
0,315
0,51
0,503
0,314
0,50
0,502
0,313
0,49
0,312
0,48
0,311
0,47
0,309
0,46
0,445
0,306
0,45
0,444
0,301
0,6
0,5
0,1
0,11
0,4
0,2
0,3
0,7
